5.167694 1
5.279982 1
5.549729 1
5.281339 1
5.575649 1
5.281339 1
5.523474 1
5.347738 1
5.426664 1
5.215411 1
5.331347 1
5.660832 1
5.513750 1
5.284099 1
5.765832 1
5.372705 1
5.655305 1
5.484918 1
5.483715 1
5.725604 1
7.577626 1
5.513993 1
5.285486 1
5.254509 1
5.347738 1
5.279982 1
5.212566 1
5.388631 1
5.535592 1
5.506209 1
5.282981 1
5.446969 1
5.500153 1
5.515546 1
5.763723 1
5.573033 1
5.426664 1
5.513993 1
5.379465 1
5.513993 1
5.840901 1
5.285486 1
5.234845 1
5.437977 1
5.550168 1
5.353848 1
5.395025 1
5.549729 1
5.596082 1
5.723226 1
5.284162 1
5.426664 1
5.723226 1
5.279982 1
5.254509 1
5.447573 1
5.281339 1
5.437731 1
5.303328 1
5.346060 1
5.281339 1
6.063331 1
5.484919 1
5.212566 1
5.433091 1
5.371021 1
5.483715 1
5.515546 1
5.281339 1
5.451356 1
5.282851 1
5.437977 1
5.346060 1
5.336608 1
5.840901 1
5.655305 1
5.723226 1
5.336608 1
6.258376 1
5.426664 1
5.213805 1
5.353848 1
5.279982 1
5.282981 1
5.372705 1
5.523474 1
5.213805 1
5.425736 1
5.763723 1
5.573033 1
5.336608 1
5.406769 1
5.425736 1
5.406769 1
5.426663 1
5.388631 1
5.425041 1
5.167694 1
5.583724 1
5.406769 1
5.723226 1
5.282981 1
5.723226 1
5.573033 1
5.371021 1
5.583724 1
5.350064 1
5.406769 1
5.234070 1
5.451356 1
5.659127 1
6.258308 1
5.282981 1
6.258376 1
6.258376 1
5.346060 1
7.577626 1
5.201709 1
5.336608 1
5.350064 1
5.410967 1
5.840901 1
5.549729 1
5.167694 1
5.515560 1
5.331347 1
5.212566 1
5.330598 1
5.371021 1
5.451356 1
5.201709 1
5.763723 1
5.437977 1
5.379465 1
5.660832 1
5.550168 1
5.324099 1
5.324099 1
5.282851 1
5.583724 1
5.840901 1
5.513993 1
5.350064 1
5.550168 1
7.302197 1
5.437977 1
5.573033 1
5.483620 1
5.573523 1
5.406769 1
5.303328 1
5.201709 1
5.660832 1
5.506209 1
5.529810 1
5.331347 1
5.213805 1
5.426664 1
5.410967 1
5.395025 1
5.840901 1
5.447573 1
5.324099 1
5.723226 1
5.473300 1
5.473300 1
5.573033 1
5.215071 1
5.583724 1
5.535592 1
5.302464 1
5.284162 1
5.379465 1
5.167694 1
5.410967 1
5.213359 1
5.425736 1
5.723226 1
6.577775 1
6.231432 1
6.231432 1
5.346060 1
5.662104 1
5.872086 1
5.575649 1
5.353848 1
5.234845 1
5.167694 1
5.423864 1
5.406769 1
5.406769 1
5.234845 1
5.372705 1
5.483715 1
5.286139 1
5.350064 1
5.281339 1
5.424468 1
5.336608 1
5.484071 1
5.549729 1
5.379465 1
5.425685 1
5.433423 1
5.279982 1
6.231432 1
5.575649 1
5.234845 1
5.424468 1
5.425736 1
5.596082 1
5.285486 1
5.418373 1
5.350064 1
5.285486 1
5.406769 1
7.302197 1
5.324099 1
5.437731 1
5.424468 1
5.573021 1
5.594547 1
5.583724 1
6.073407 1
5.410967 1
5.899322 1
7.577626 1
5.485267 1
5.286139 1
5.282851 1
5.483690 1
5.550168 1
5.282981 1
5.451356 1
5.336608 1
6.086263 1
5.234845 1
5.234845 1
5.483715 1
5.281339 1
5.234845 1
5.371021 1
5.388136 1
5.569863 1
5.216161 1
5.336608 1
5.234845 1
5.575649 1
5.372705 1
5.575649 1
5.840901 1
5.433091 1
5.583724 1
5.284162 1
5.550168 1
6.231433 1
5.483715 1
5.424468 1
5.549729 1
5.213805 1
5.763723 1
5.596082 1
6.063331 1
5.437731 1
5.286139 1
5.655305 1
5.167694 1
5.285374 1
5.282981 1
5.484918 1
5.513993 1
5.395025 1
5.753398 1
5.840901 1
5.433091 1
5.379465 1
5.768070 1
5.286139 1
6.231432 1
5.872169 1
5.336608 1
5.500153 1
5.215071 1
5.514513 1
5.215071 1
5.575649 1
5.331205 1
5.872169 1
5.282851 1
5.286139 1
5.882925 1
6.231432 1
5.660832 1
5.395025 1
5.372705 1
5.596082 1
5.215071 1
5.473300 1
5.282981 1
6.068684 1
5.279982 1
5.513993 1
5.499820 1
5.285486 1
5.279982 1
5.765832 1
5.395025 1
5.425736 1
5.573033 1
5.346294 1
5.484923 1
5.279982 1
5.281339 1
5.506209 1
5.282851 1
5.763723 1
5.410967 1
5.840901 1
5.484919 1
5.424467 1
6.231432 1
5.167694 1
5.167694 1
5.765832 1
5.426664 1
5.535730 1
5.573033 1
5.286139 1
5.254509 1
5.765832 1
5.514642 1
5.840901 1
5.426664 1
5.424468 1
6.231432 1
5.234845 1
5.484918 1
5.347738 1
5.410967 1
5.254509 1
5.201709 1
5.437731 1
5.410967 1
5.372705 1
5.279982 1
5.410967 1
5.282878 1
5.418373 1
5.765832 1
5.660832 1
5.324100 1
5.351772 1
6.231432 1
5.573128 1
5.569863 1
5.212692 1
5.215071 1
5.215071 1
5.410967 1
5.215071 1
5.331347 1
5.483715 1
5.515546 1
5.281339 1
6.063331 1
5.281339 1
5.655305 1
5.285486 1
5.500153 1
5.284162 1
5.573033 1
5.575649 1
5.388136 1
5.473300 1
5.437731 1
5.437977 1
6.258376 1
5.535592 1
5.372103 1
5.353848 1
5.484918 1
5.513993 1
5.513879 1
5.282981 1
7.302197 1
5.425736 1
5.451356 1
5.346060 1
5.167694 1
5.410967 1
5.534743 1
5.765832 1
6.258376 1
5.212566 1
5.662104 1
5.741617 1
5.583724 1
5.410967 1
5.500153 1
5.596082 1
5.473300 1
5.331347 1
5.167227 1
5.285486 1
5.286139 1
5.336608 1
5.660832 1
5.573033 1
5.201709 1
5.324087 1
5.575649 1
5.473300 1
5.353848 1
5.765832 1
5.765832 1
5.471553 1
5.425736 1
5.425736 1
5.575649 1
5.254509 1
5.660473 1
5.451356 1
5.286139 1
5.213805 1
5.406769 1
5.285486 1
5.426522 1
7.609526 1
5.410967 1
5.484918 1
5.372705 1
5.723226 1
5.418373 1
5.281339 1
5.213805 1
5.451356 1
6.086263 1
5.583724 1
5.655305 1
5.213805 1
5.655305 1
5.483715 1
5.371021 1
5.523474 1
5.286139 1
5.523474 1
5.336608 1
5.506209 1
5.201709 1
5.379465 1
5.569863 1
5.523474 1
5.213805 1
5.872169 1
7.577626 1
5.213805 1
7.302197 1
5.213805 1
5.167222 1
5.213805 1
5.336608 1
5.569863 1
5.633606 1
5.596082 1
5.513993 1
5.285486 1
5.303328 1
5.529810 1
5.569863 1
5.425736 1
5.655305 1
5.549729 1
5.167694 1
5.336608 1
7.577626 1
5.347738 1
5.282851 1
5.594547 1
5.286139 1
5.506209 1
5.447573 1
5.331347 1
5.433091 1
5.437977 1
5.215071 1
5.388631 1
5.660832 1
5.410967 1
5.506209 1
5.406769 1
5.433091 1
5.406769 1
5.350064 1
5.473300 1
5.213805 1
5.283875 1
5.515546 1
7.302197 1
5.324099 1
5.535592 1
5.345831 1
5.596082 1
5.284162 1
5.395025 1
5.201709 1
5.473300 1
5.473300 1
5.655305 1
5.395025 1
5.279982 1
5.346060 1
5.395025 1
5.371021 1
6.258376 1
5.281339 1
5.336608 1
5.583724 1
5.484918 1
5.353848 1
5.284072 1
5.451356 1
5.500153 1
5.410967 1
5.350064 1
5.500153 1
5.331347 1
5.723226 1
5.213805 1
5.569863 1
5.426664 1
5.763723 1
5.662104 1
5.872702 1
5.473300 1
5.215071 1
5.573033 1
5.394998 1
6.230967 1
5.395025 1
5.451356 1
5.350064 1
5.279982 1
5.535592 1
5.433091 1
5.282981 1
5.254509 1
5.437731 1
5.596082 1
5.484918 1
5.426664 1
5.379465 1
5.324099 1
5.371021 1
5.515546 1
5.234845 1
5.406769 1
5.418373 1
5.353848 1
5.372705 1
5.388631 1
5.484918 1
5.286139 1
5.418373 1
5.388136 1
5.303328 1
5.330772 1
5.840901 1
5.437977 1
5.201709 1
5.282981 1
5.426680 1
5.523474 1
5.347738 1
5.418373 1
6.063332 1
5.433091 1
5.282851 1
5.510868 1
5.573033 1
5.513993 1
5.765832 1
5.483715 1
5.213805 1
5.378167 1
5.550168 1
5.371021 1
5.478801 1
7.302197 1
5.451356 1
5.473110 1
5.279982 1
5.331347 1
5.515546 1
5.437977 1
5.760365 1
5.406769 1
5.282851 1
5.370947 1
5.201709 1
5.336571 1
5.583724 1
5.660832 1
5.410967 1
5.336608 1
5.281339 1
5.418373 1
5.282852 1
5.388137 1
5.282851 1
5.303708 1
5.424468 1
5.347738 1
5.336608 1
5.872169 1
5.371021 1
5.473300 1
5.723226 1
5.433091 1
5.324099 1
5.765832 1
5.336608 1
5.660832 1
5.281339 1
5.346060 1
5.583724 1
6.258376 1
5.755112 1
6.230950 1
5.662104 1
5.513978 1
5.515546 1
5.575649 1
5.281339 1
5.285830 1
5.395025 1
5.285486 1
5.763723 1
5.437731 1
5.723226 1
5.201709 1
5.535592 1
5.513993 1
5.353848 1
5.549729 1
5.596082 1
6.258376 1
5.840901 1
5.872140 1
5.201709 1
5.723226 1
5.723226 1
5.254509 1
5.254509 1
5.282851 1
5.286139 1
5.212566 1
5.284371 1
5.353848 1
5.515546 1
5.234845 1
5.506209 1
5.284162 1
5.388136 1
5.425736 1
5.418373 1
5.596405 1
5.506209 1
5.215071 1
5.425736 1
5.451356 1
5.388631 1
5.575649 1
5.426664 1
5.550168 1
5.433091 1
5.437977 1
5.388631 1
5.279982 1
5.371021 1
7.577626 1
5.350064 1
7.577626 1
5.281339 1
5.350064 1
6.042037 1
5.763311 1
5.303328 1
7.577626 1
5.872169 1
5.437977 1
5.388136 1
5.724692 1
5.660832 1
5.484918 1
5.346060 1
5.506209 1
5.437977 1
5.395025 1
5.840901 1
5.347614 1
5.215071 1
5.210810 1
5.282981 1
5.572585 1
5.279982 1
5.437977 1
5.484918 1
5.350064 1
5.350064 1
5.379465 1
5.234845 1
5.515546 1
5.506209 1
5.379297 1
5.549729 1
5.410911 1
5.371021 1
5.433091 1
5.254509 1
5.473300 1
5.872169 1
5.484918 1
6.231432 1
5.213805 1
5.281339 1
5.281339 1
5.569863 1
5.285131 1
5.500153 1
5.575649 1
5.660832 1
5.500153 1
5.388136 1
5.346060 1
5.473300 1
5.573033 1
5.705666 1
5.840901 1
5.424468 1
5.426664 1
5.662104 1
5.279982 1
5.662104 1
5.388136 1
5.418373 1
5.379465 1
5.279982 1
5.324099 1
5.371021 1
6.577775 1
5.655305 1
5.215817 1
5.549729 1
5.388631 1
5.336608 1
5.840901 1
5.831598 1
5.424468 1
5.406513 1
6.063331 1
5.583724 1
5.324099 1
5.437731 1
5.451356 1
5.660832 1
5.426664 1
5.286139 1
5.872169 1
5.282851 1
5.451356 1
5.583724 1
5.286139 1
5.596082 1
5.573033 1
5.433091 1
5.410772 1
5.284162 1
5.279982 1
5.549729 1
5.831878 1
5.284162 1
5.281339 1
5.506209 1
5.549729 1
5.549729 1
6.231432 1
7.371269 1
5.372705 1
5.346060 1
5.535592 1
5.515546 1
5.437977 1
5.523474 1
5.550168 1
5.406769 1
5.350064 1
6.231432 1
5.550168 1
5.535592 1
5.213805 1
5.840901 1
5.535592 1
5.425736 1
5.433091 1
7.577626 1
7.577626 1
5.660832 1
5.281339 1
5.285486 1
5.346060 1
5.535592 1
5.569863 1
7.577626 1
5.523474 1
5.437731 1
5.569863 1
5.529857 1
5.346060 1
5.682332 1
5.433091 1
5.473300 1
5.425736 1
5.872169 1
7.576644 1
5.234845 1
5.535592 1
5.583724 1
5.451356 1
5.549729 1
5.215071 1
5.872169 1
5.424467 1
5.550168 1
5.215071 1
5.285486 1
5.388631 1
5.549651 1
5.353848 1
5.284162 1
5.550168 1
5.213805 1
5.484694 1
5.395025 1
5.388631 1
5.483715 1
5.569863 1
5.500153 1
5.483715 1
5.550271 1
5.347738 1
5.332724 1
6.231432 1
5.609740 1
5.425736 1
5.425736 1
5.395025 1
5.506209 1
5.437977 1
5.282851 1
6.063331 1
5.418373 1
5.437731 1
5.303328 1
5.284162 1
5.506209 1
5.523474 1
5.535592 1
5.372705 1
5.254509 1
5.437977 1
5.500153 1
5.484918 1
5.371021 1
5.212566 1
5.286139 1
5.201716 1
5.282851 1
5.550168 1
5.379465 1
5.213805 1
5.284162 1
5.433091 1
5.201709 1
5.201338 1
5.379190 1
5.281339 1
5.437731 1
5.346060 1
7.577626 1
5.283068 1
5.548649 1
5.437977 1
5.483715 1
5.324099 1
5.569863 1
5.473300 1
5.575649 1
5.523474 1
5.451356 1
5.550025 1
5.388136 1
5.331347 1
5.215071 1
5.282981 1
5.506014 1
5.550168 1
5.285486 1
5.281258 1
5.500153 1
5.515546 1
5.484918 1
5.433091 1
5.284162 1
5.841120 1
5.523474 1
6.259848 1
5.718492 1
5.484918 1
5.660832 1
5.282851 1
5.513993 1
5.573033 1
5.372705 1
5.433091 1
5.254509 1
5.395025 1
5.331347 1
5.500153 1
5.583724 1
6.063331 1
5.406769 1
5.331347 1
5.346060 1
5.336608 1
5.500153 1
5.347738 1
5.286139 1
5.254509 1
5.167694 1
5.523474 1
5.324099 1
5.347738 1
5.483715 1
5.354071 1
5.575649 1
5.451356 1
5.550168 1
6.258376 1
5.569863 1
5.281339 1
5.549729 1
7.302371 1
5.388631 1
5.515546 1
7.577626 1
5.569863 1
5.353848 1
5.303328 1
5.406769 1
5.410967 1
5.549729 1
5.286139 1
5.658682 1
5.254509 1
5.550168 1
5.506209 1
6.231432 1
5.282981 1
5.506209 1
5.763723 1
5.410967 1
5.437731 1
5.763723 1
5.763723 1
5.596082 1
5.426664 1
5.660832 1
5.213805 1
5.447573 1
5.575649 1
5.765832 1
5.424468 1
5.353848 1
5.324099 1
5.213805 1
5.573033 1
5.213805 1
5.212566 1
6.063331 1
5.437977 1
5.437731 1
5.388631 1
5.283845 1
5.303328 1
5.395025 1
5.167952 1
5.550168 1
5.596082 1
5.872169 1
5.723226 1
7.302197 1
5.484918 1
5.473300 1
5.379465 1
5.281339 1
5.331347 1
5.550168 1
5.523474 1
5.282851 1
5.395025 1
5.426664 1
5.282981 1
5.447573 1
5.284162 1
5.281339 1
5.433091 1
5.500153 1
5.596082 1
5.550168 1
5.506209 1
6.063331 1
5.388631 1
5.575649 1
5.379465 1
5.660832 1
5.596082 1
5.303328 1
5.425736 1
5.346060 1
5.765832 1
5.484918 1
5.281339 1
5.535592 1
5.201709 1
5.254509 1
5.596082 1
5.388136 1
5.739201 1
6.258376 1
5.447573 1
5.279982 1
5.550168 1
5.426664 1
5.371021 1
5.763723 1
5.515546 1
5.350064 1
5.284162 1
5.437731 1
5.575013 1
5.596082 1
7.577626 1
5.662104 1
5.372705 1
5.575649 1
5.573033 1
5.303328 1
5.425736 1
5.418373 1
5.213805 1
5.657631 1
7.577626 1
5.324099 1
5.213805 1
5.483715 1
5.279982 1
5.406769 1
5.372705 1
5.388631 1
5.655305 1
5.424468 1
6.063331 1
5.523474 1
5.483715 1
5.483715 1
5.583820 1
5.594647 1
5.515546 1
5.410967 1
6.231432 1
5.350064 1
5.549729 1
5.660832 1
5.572877 1
5.331347 1
5.660832 1
5.282981 1
5.483715 1
5.573033 1
5.286139 1
5.655305 1
5.406769 1
5.426664 1
5.426664 1
5.349745 1
5.283352 1
5.371021 1
5.523474 1
5.279982 1
5.425736 1
5.425736 1
5.765832 1
5.167694 1
5.303328 1
5.451356 1
5.473300 1
5.331347 1
5.523474 1
5.234845 1
5.451356 1
5.723148 1
5.549729 1
5.513993 1
5.388136 1
5.424468 1
5.433091 1
5.388136 1
5.284162 1
5.347738 1
5.395025 1
5.410967 1
5.372705 1
5.765915 1
5.282981 1
5.583724 1
5.973588 1
5.346060 1
5.763723 1
5.284141 1
5.595624 1
7.302197 1
5.426664 1
5.371021 1
5.331347 1
5.662104 1
5.395025 1
5.284162 1
5.872169 1
5.388136 1
5.406769 1
5.406713 1
5.303328 1
5.336608 1
7.577626 1
5.432580 1
5.350064 1
5.282851 1
5.379465 1
5.583724 1
5.575649 1
5.513993 1
5.331347 1
5.473300 1
5.765832 1
5.167694 1
5.353745 1
7.302197 1
6.063331 1
5.763723 1
5.473300 1
5.395025 1
5.550081 1
5.473300 1
5.379465 1
5.303328 1
5.550168 1
6.258376 1
5.506209 1
5.722912 1
5.569856 1
5.284162 1
5.254509 1
5.573033 1
5.201709 1
6.258376 1
5.596082 1
5.872169 1
5.660445 1
5.279982 1
5.372705 1
5.763723 1
5.286139 1
5.872287 1
5.500153 1
5.535592 1
5.590682 1
5.331347 1
5.410967 1
5.201709 1
5.500153 1
5.213805 1
5.254509 1
5.425736 1
6.063331 1
5.483715 1
5.426664 1
5.284162 1
5.284162 1
5.763723 1
5.284162 1
5.279888 1
5.395025 1
5.212566 1
5.483715 1
5.485042 1
5.723226 1
6.063331 1
5.473300 1
5.840901 1
5.573033 1
5.331347 1
5.234845 1
5.286139 1
5.406769 1
5.615230 1
5.395025 1
5.660832 1
5.281339 1
5.506209 1
5.569863 1
6.063331 1
5.418373 1
7.577626 1
5.285486 1
5.347738 1
5.660466 1
5.583724 1
5.388136 1
5.353848 1
5.282851 1
5.346060 1
5.212566 1
5.483715 1
5.723226 1
5.395025 1
7.302197 1
5.451356 1
5.525146 1
5.282981 1
7.577626 1
5.549729 1
5.763723 1
5.763723 1
5.658598 1
5.500153 1
5.723226 1
5.872169 1
5.484919 1
5.513993 1
5.575649 1
5.840901 1
5.410967 1
5.572457 1
5.350064 1
5.281339 1
5.281339 1
5.549729 1
5.303328 1
5.281339 1
5.573033 1
5.451356 1
5.410967 1
5.523474 1
5.331347 1
5.281339 1
6.231488 1
5.447808 1
5.167694 1
5.379577 1
5.279982 1
5.549729 1
5.596082 1
5.584032 1
5.213805 1
5.286139 1
5.201709 1
5.887485 1
5.437977 1
5.418373 1
5.662104 1
5.213805 1
5.353848 1
5.549739 1
5.506209 1
5.484918 1
5.426664 1
5.425736 1
5.353848 1
6.064367 1
5.678887 1
5.213805 1
5.331347 1
5.500153 1
6.063331 1
5.437901 1
5.167694 1
5.286139 1
5.575649 1
5.406769 1
5.336608 1
5.216152 1
5.303328 1
5.282981 1
5.388130 1
5.350043 1
5.763723 1
5.285486 1
5.473300 1
5.372705 1
5.388136 1
5.167694 1
5.763723 1
5.281339 1
5.346060 1
5.201709 1
5.331347 1
5.303328 1
5.215071 1
5.285486 1
5.347738 1
5.473300 1
5.424468 1
5.281278 1
5.473300 1
5.506209 1
6.258376 1
5.285486 1
5.167694 1
7.302097 1
5.583724 1
5.395025 1
5.473300 1
5.406769 1
5.353848 1
5.371021 1
5.765832 1
5.549729 1
7.302197 1
5.575649 1
5.583724 1
5.513993 1
6.231432 1
5.662104 1
5.285486 1
6.063331 1
5.596082 1
5.840901 1
5.483715 1
5.572899 1
5.426664 1
6.258376 1
5.213805 1
5.348079 1
5.506209 1
5.215071 1
5.324099 1
5.655305 1
5.500153 1
5.282981 1
5.254509 1
5.254509 1
5.331347 1
5.473300 1
5.483715 1
5.284162 1
5.213805 1
5.212566 1
5.323955 1
5.662104 1
5.515546 1
5.523474 1
5.473300 1
5.506209 1
5.484918 1
5.282981 1
5.282981 1
5.447573 1
5.523474 1
5.346060 1
5.279982 1
5.723226 1
5.765832 1
5.451356 1
5.331347 1
5.573033 1
5.212566 1
5.433091 1
5.483715 1
5.379465 1
6.231432 1
5.483715 1
5.596082 1
5.418373 1
5.760365 1
5.336608 1
5.437977 1
5.281065 1
5.596082 1
7.577626 1
5.451356 1
5.350064 1
5.660832 1
5.371021 1
5.723226 1
5.371021 1
6.063331 1
5.281338 1
5.350064 1
5.741617 1
5.234845 1
5.583724 1
5.549729 1
5.213805 1
5.515546 1
5.166695 1
5.763723 1
5.899322 1
5.353848 1
5.336608 1
5.346039 1
5.303328 1
5.426664 1
5.212764 1
5.282851 1
5.765832 1
5.254509 1
5.303328 1
5.346060 1
5.725604 1
5.569863 1
5.575649 1
5.437977 1
5.523474 1
5.573033 1
5.437977 1
5.426589 1
5.406769 1
5.285486 1
5.279982 1
6.231433 1
5.286139 1
5.723226 1
5.825029 1
5.285486 1
5.346060 1
5.451356 1
5.872169 1
5.395025 1
5.872169 1
5.450709 1
5.331347 1
5.450381 1
5.573033 1
5.484918 1
5.424468 1
5.388631 1
5.573033 1
5.425741 1
5.825029 1
5.336608 1
5.483715 1
5.406769 1
5.424468 1
5.569863 1
6.258376 1
5.575649 1
5.506180 1
5.234845 1
5.234845 1
5.254509 1
5.279982 1
5.215071 1
5.514380 1
5.583724 1
5.599268 1
5.254509 1
5.549729 1
5.394604 1
5.506209 1
5.473300 1
5.371021 1
5.596082 1
5.914177 1
5.350064 1
5.484829 1
5.506209 1
5.765832 1
6.231432 1
5.410967 1
5.285988 1
5.350064 1
5.282851 1
5.573171 1
5.723226 1
5.393583 1
5.484918 1
5.483715 1
5.213805 1
5.372705 1
5.523474 1
5.395025 1
5.347724 1
5.286139 1
7.301988 1
5.410816 1
5.406769 1
5.379465 1
5.282981 1
5.379465 1
5.353848 1
5.447573 1
5.350064 1
5.425149 1
5.887485 1
5.406769 1
5.406769 1
5.406721 1
5.655305 1
5.523474 1
5.284162 1
5.346060 1
5.282851 1
5.765832 1
5.523474 1
5.438237 1
5.418373 1
5.371021 1
5.234845 1
5.336608 1
5.451356 1
6.258376 1
5.549729 1
5.483312 1
5.723226 1
5.484919 1
5.347738 1
5.215071 1
5.523474 1
5.279982 1
5.331347 1
5.872169 1
5.281339 1
5.350064 1
5.336608 1
5.418373 1
5.598891 1
5.388136 1
5.350476 1
5.569863 1
5.548649 1
5.447783 1
5.513993 1
5.388631 1
5.596082 1
5.347738 1
5.353848 1
5.388631 1
5.324099 1
5.372705 1
5.388631 1
5.336608 1
5.212566 1
5.424468 1
5.347738 1
5.655305 1
6.258376 1
5.410967 1
6.231433 1
5.513993 1
5.303328 1
5.285486 1
5.215071 1
5.395025 1
5.336608 1
5.425736 1
5.425736 1
5.655305 1
5.437977 1
5.535592 1
5.167694 1
6.231432 1
5.426664 1
5.410967 1
5.388136 1
5.418242 1
5.596082 1
5.887485 1
5.285486 1
5.213805 1
5.523474 1
5.282851 1
5.662104 1
5.286139 1
5.331347 1
5.234845 1
5.739201 1
5.437731 1
5.461114 1
5.569863 1
5.285486 1
6.231432 1
5.447573 1
5.353848 1
5.425736 1
5.500153 1
5.506209 1
5.379465 1
5.336608 1
5.254509 1
5.569863 1
5.201709 1
5.213805 1
5.347738 1
5.215191 1
5.234728 1
5.347738 1
5.283902 1
5.279982 1
5.515546 1
5.723444 1
5.872169 1
5.425736 1
5.437731 1
5.763723 1
5.324099 1
5.768070 1
6.231432 1
5.484918 1
7.577626 1
5.872169 1
5.418373 1
5.388137 1
6.258376 1
5.388631 1
5.451356 1
5.303328 1
5.484918 1
5.302815 1
5.549729 1
5.840901 1
5.215071 1
5.500153 1
5.506209 1
5.213805 1
5.424468 1
5.350064 1
5.201709 1
5.573033 1
5.372705 1
5.331347 1
6.258503 1
5.723226 1
6.231432 1
5.286139 1
5.213805 1
5.303328 1
5.473300 1
5.346060 1
5.387914 1
5.424468 1
5.285486 1
5.212566 1
5.473300 1
5.388137 1
5.254509 1
5.535592 1
5.451356 1
5.433091 1
5.282851 1
5.213805 1
6.231432 1
5.418657 1
5.447573 1
5.484918 1
5.167694 1
5.282851 1
5.724692 1
5.213805 1
5.560669 1
5.372705 1
6.258376 1
5.388136 1
5.395102 1
5.379465 1
5.350064 1
5.433091 1
5.167694 1
5.660832 1
5.379465 1
5.899322 1
5.324099 1
5.437977 1
6.063331 1
5.303328 1
5.410967 1
5.347358 1
5.372705 1
5.303328 1
5.286457 1
6.063331 1
5.395025 1
5.331347 1
5.395025 1
5.372705 1
5.303328 1
5.426664 1
6.063331 1
5.406769 1
6.577775 1
5.451356 1
5.447573 1
6.258376 1
5.447573 1
5.410967 1
5.447573 1
5.418373 1
5.433091 1
5.395025 1
5.212566 1
5.215071 1
5.550168 1
5.660832 1
5.484918 1
5.424081 1
5.425736 1
5.473300 1
5.523474 1
5.254073 1
5.388136 1
5.880516 1
5.433091 1
5.662104 1
5.388136 1
5.723226 1
5.282851 1
5.388136 1
5.437977 1
5.484918 1
5.281339 1
5.201709 1
5.515546 1
5.484918 1
6.258376 1
5.347738 1
5.303328 1
5.872169 1
5.215071 1
5.500153 1
5.662104 1
5.763723 1
5.550168 1
6.231432 1
5.324048 1
5.550168 1
5.515546 1
5.550168 1
6.231432 1
5.410967 1
5.406769 1
5.388631 1
5.513492 1
5.213805 1
5.282851 1
5.282851 1
5.840901 1
6.063331 1
5.513993 1
5.331347 1
5.872169 1
5.410967 1
5.234845 1
5.371021 1
5.388631 1
5.425736 1
5.550168 1
6.231432 1
5.550168 1
5.655305 1
5.516324 1
6.258376 1
7.577625 1
5.763723 1
5.662104 1
5.371021 1
5.284043 1
5.583724 1
5.406769 1
5.346060 1
6.063331 1
5.515872 1
5.437977 1
5.418373 1
5.281339 1
5.654228 1
5.763723 1
5.473300 1
5.407056 1
5.410967 1
5.213805 1
5.425723 1
5.584085 1
5.573033 1
6.063331 1
5.282851 1
5.387656 1
5.662104 1
5.484918 1
5.406769 1
5.353848 1
5.281998 1
5.418373 1
6.258376 1
5.279982 1
5.515546 1
5.347738 1
5.282981 1
7.577626 1
5.483715 1
5.569863 1
5.763723 1
5.336608 1
5.284162 1
5.433091 1
5.437731 1
5.522892 1
5.281339 1
5.660832 1
5.765832 1
5.234845 1
5.569863 1
5.212578 1
5.437731 1
5.840971 1
5.515546 1
5.167694 1
5.388631 1
5.506209 1
5.500153 1
5.254509 1
6.042037 1
5.286139 1
5.406769 1
5.583724 1
5.872972 1
5.832189 1
5.426664 1
5.549729 1
5.583724 1
5.447573 1
5.425736 1
7.577626 1
5.406754 1
5.388247 1
7.302197 1
5.379465 1
5.286139 1
5.840901 1
5.332559 1
5.484918 1
5.285486 1
5.388136 1
5.451356 1
5.284851 1
5.336608 1
5.550168 1
5.523748 1
5.596082 1
5.418373 1
5.662104 1
5.765832 1
5.583724 1
5.483715 1
6.370692 1
5.213805 1
5.424468 1
5.575649 1
5.372705 1
5.660832 1
5.282851 1
5.336554 1
5.723226 1
5.583724 1
5.395025 1
5.447573 1
5.350064 1
5.569863 1
5.655272 1
5.347738 1
5.789989 1
5.513993 1
5.347738 1
5.765832 1
5.583724 1
5.279982 1
5.213806 1
5.406769 1
5.406769 1
5.406769 1
5.484918 1
5.234845 1
5.535592 1
5.282981 1
5.433091 1
5.302690 1
6.231432 1
5.596082 1
5.596082 1
5.872169 1
5.410967 1
5.324099 1
6.258098 1
5.425736 1
5.371021 1
5.569863 1
5.569863 1
6.258376 1
5.379465 1
5.426664 1
5.451356 1
5.336608 1
5.483218 1
5.395025 1
5.840901 1
5.872169 1
5.324099 1
5.418373 1
5.840901 1
5.662104 1
5.433091 1
5.447573 1
5.763723 1
5.213805 1
5.513993 1
5.406769 1
5.473300 1
5.451356 1
5.515546 1
5.388136 1
5.765832 1
5.484918 1
5.379465 1
5.872169 1
5.304730 1
5.331347 1
6.258376 1
5.324099 1
5.353848 1
5.282981 1
5.550168 1
5.765832 1
5.484919 1
5.550168 1
5.515546 1
5.840901 1
5.473300 1
5.523474 1
5.353848 1
5.336608 1
5.766273 1
5.723226 1
5.215071 1
5.426664 1
5.388136 1
5.282981 1
5.447235 1
5.483715 1
5.662104 1
5.765790 1
5.336608 1
5.840901 1
5.346060 1
5.840411 1
5.372705 1
5.281339 1
5.347738 1
7.302197 1
5.331383 1
5.437977 1
5.286139 1
5.550168 1
5.437977 1
5.473300 1
5.346060 1
5.575649 1
5.324099 1
5.523474 1
5.201709 1
5.513965 1
5.451356 1
5.575459 1
5.331347 1
5.282851 1
5.418373 1
5.550168 1
5.840901 1
5.447573 1
5.215740 1
5.515546 1
5.569863 1
5.388631 1
5.660832 1
5.279982 1
5.655305 1
5.353848 1
5.388631 1
5.655305 1
5.285486 1
5.473300 1
5.324099 1
5.575649 1
5.575649 1
5.418379 1
5.395025 1
5.282981 1
5.583724 1
5.569863 1
5.406769 1
5.395025 1
5.655305 1
5.433091 1
6.231432 1
5.281339 1
5.575910 1
7.302197 1
5.410967 1
5.433033 1
5.515546 1
5.500153 1
5.282851 1
5.550168 1
5.513993 1
5.280450 1
5.353848 1
5.483715 1
5.840901 1
7.302197 1
5.723226 1
5.529857 1
5.550168 1
5.281339 1
5.500153 1
5.281339 1
5.549586 1
5.840772 1
5.513993 1
5.282851 1
7.302197 1
5.763723 1
5.523474 1
5.284162 1
5.215071 1
5.215071 1
5.279982 1
5.254509 1
5.350064 1
5.437977 1
5.596082 1
5.215071 1
5.285486 1
5.515546 1
5.167694 1
5.506209 1
5.324099 1
5.372705 1
5.763723 1
7.577626 1
5.451356 1
5.346060 1
7.302197 1
5.513993 1
5.372705 1
5.515546 1
5.419895 1
6.231432 1
5.282981 1
5.353848 1
5.506209 1
5.353848 1
5.451356 1
5.569863 1
5.483715 1
5.418373 1
5.575649 1
5.655305 1
5.447573 1
5.473300 1
5.372705 1
5.410967 1
5.425736 1
5.410967 1
5.425736 1
5.447573 1
5.661455 1
5.286139 1
5.201709 1
5.513993 1
5.284162 1
7.578166 1
5.655305 1
5.281339 1
5.424468 1
5.254509 1
5.213805 1
5.569863 1
5.282981 1
5.388266 1
5.336496 1
5.282851 1
5.234845 1
5.573033 1
5.167694 1
5.285486 1
5.303328 1
5.573033 1
5.212566 1
5.281339 1
5.662104 1
5.723226 1
5.575649 1
5.483715 1
5.765832 1
5.324099 1
5.840901 1
5.662104 1
5.596082 1
5.331347 1
5.513993 1
6.063331 1
5.535510 1
7.576678 1
5.371021 1
5.569863 1
5.483715 1
5.379465 1
5.347738 1
5.535592 1
5.279982 1
5.372705 1
5.484918 1
5.410967 1
5.285486 1
5.483715 1
5.254509 1
5.331347 1
5.683207 1
5.763723 1
5.353826 1
5.346641 1
5.353848 1
5.473300 1
5.372705 1
5.167694 1
5.660832 1
5.379465 1
5.660832 1
5.765832 1
6.063331 1
5.372705 1
5.285325 1
6.258376 1
5.379465 1
5.872169 1
5.763723 1
5.406769 1
5.302956 1
5.516136 1
6.559576 1
5.550168 1
5.331347 1
5.535592 1
5.678887 1
5.284162 1
5.573033 1
5.718492 1
5.285486 1
5.418373 1
5.569863 1
5.388136 1
5.282981 1
5.336608 1
5.254509 1
5.596082 1
5.483715 1
5.433091 1
5.763723 1
5.285758 1
7.302197 1
6.258376 1
5.424468 1
5.353848 1
5.522836 1
5.418373 1
5.514089 1
5.437731 1
7.577626 1
5.353848 1
5.406769 1
5.575649 1
5.535592 1
5.596082 1
5.573033 1
5.372705 1
5.660832 1
5.424468 1
5.303328 1
5.500727 1
5.281036 1
5.451356 1
5.426664 1
5.336608 1
5.662104 1
5.282981 1
6.231432 1
5.596162 1
5.331347 1
6.258376 1
5.282851 1
5.763723 1
5.395025 1
5.212566 1
5.426664 1
5.484918 1
5.550444 1
5.583724 1
5.212566 1
5.350064 1
5.483715 1
5.395025 1
5.447573 1
5.371021 1
5.213805 1
5.840901 1
5.437977 1
5.281645 1
5.410162 1
5.331347 1
7.302197 1
5.201709 1
6.258376 1
5.484919 1
5.215071 1
5.506209 1
5.285486 1
5.284162 1
6.231432 1
5.483715 1
5.573033 1
5.872169 1
6.063331 1
5.447573 1
5.215071 1
6.231432 1
5.303111 1
5.515546 1
5.515546 1
5.281339 1
5.765832 1
5.371021 1
6.063331 1
5.425736 1
5.350064 1
5.583724 1
5.372705 1
5.324099 1
5.660832 1
5.451356 1
5.346204 1
5.286139 1
5.840901 1
5.336608 1
5.506209 1
5.765832 1
5.438086 1
5.535592 1
5.281339 1
7.577625 1
5.215071 1
5.424024 1
5.515761 1
5.549729 1
5.282249 1
5.578983 1
5.573027 1
6.231432 1
5.596082 1
5.284162 1
5.575649 1
5.388905 1
5.550168 1
5.549729 1
5.234845 1
5.281339 1
5.286070 1
5.254509 1
5.447624 1
5.282981 1
5.506209 1
5.550168 1
5.282981 1
5.350035 1
5.372705 1
5.418373 1
5.655305 1
5.840902 1
5.406769 1
5.281339 1
5.350064 1
6.063356 1
5.387550 1
5.447573 1
5.699958 1
6.231432 1
5.447573 1
5.389204 1
5.447573 1
5.484918 1
5.569863 1
5.284367 1
5.523474 1
5.573033 1
5.596082 1
5.872169 1
5.215071 1
5.201709 1
5.282851 1
5.279982 1
5.569863 1
5.506209 1
5.549729 1
5.347738 1
5.523474 1
5.872169 1
5.575649 1
5.426664 1
5.596081 1
5.483715 1
5.426664 1
5.424468 1
5.201709 1
5.285486 1
5.483715 1
5.872972 1
6.258376 1
5.279982 1
6.258376 1
5.211920 1
6.231392 1
6.063331 1
5.763723 1
5.662419 1
5.286139 1
5.336608 1
5.285486 1
5.484918 1
5.765832 1
5.433091 1
5.215071 1
5.371021 1
5.447573 1
5.550168 1
5.437731 1
5.425736 1
5.437731 1
5.872169 1
5.615230 1
5.345896 1
5.433091 1
5.723226 1
5.331264 1
5.513993 1
6.231432 1
5.215071 1
5.213805 1
5.215071 1
5.763723 1
5.201709 1
5.583724 1
5.473300 1
5.331347 1
5.346060 1
5.660832 1
5.350064 1
5.282981 1
5.473300 1
5.324099 1
5.433091 1
5.324099 1
5.515546 1
5.214963 1
5.426664 1
5.437731 1
5.473300 1
5.372705 1
5.523474 1
5.254509 1
7.302197 1
5.303328 1
5.583724 1
5.215071 1
5.723226 1
5.473300 1
5.424468 1
5.437731 1
5.234845 1
5.285434 1
5.523474 1
5.572982 1
5.406769 1
5.547747 1
5.535592 1
5.426664 1
5.350064 1
5.424468 1
5.484918 1
5.324099 1
5.506209 1
5.395025 1
5.549659 1
5.970693 1
5.660832 1
5.763723 1
5.388631 1
5.350064 1
5.523474 1
5.596082 1
5.583724 1
5.212566 1
5.569863 1
5.201709 1
5.336608 1
5.388137 1
5.596405 1
5.234845 1
5.331347 1
5.550168 1
5.447573 1
5.433091 1
5.167694 1
6.258376 1
5.660832 1
5.353848 1
5.594647 1
5.331347 1
5.410967 1
5.286139 1
5.371021 1
5.437731 1
5.349388 1
5.279982 1
5.515546 1
5.418373 1
6.063331 1
6.258376 1
5.515546 1
5.523474 1
5.426664 1
5.201709 1
5.284162 1
5.212566 1
7.302197 1
5.410967 1
5.662104 1
5.254509 1
5.447573 1
5.549729 1
5.388631 1
5.765832 1
5.763723 1
5.303328 1
5.437977 1
7.577626 1
5.451356 1
5.276623 1
5.282981 1
5.285486 1
5.212566 1
5.324099 1
5.473300 1
5.437731 1
5.388136 1
5.347738 1
5.840901 1
5.167694 1
5.473300 1
5.596082 1
5.484918 1
6.231432 1
5.447573 1
5.763723 1
5.331258 1
5.437731 1
5.346060 1
5.596082 1
7.302197 1
5.168190 1
5.433091 1
5.282851 1
5.573033 1
5.872169 1
5.569863 1
5.765656 1
5.167694 1
5.433091 1
5.372705 1
5.550168 1
5.523474 1
5.347738 1
5.433091 1
5.425736 1
5.281339 1
5.655305 1
5.500153 1
5.379465 1
5.212566 1
7.302579 1
5.506209 1
5.426664 1
5.406769 1
5.763723 1
5.437731 1
5.350064 1
5.212566 1
5.234845 1
5.535592 1
5.447573 1
5.284162 1
5.596081 1
5.418373 1
5.513993 1
7.302197 1
5.840901 1
5.840901 1
7.302197 1
5.523474 1
5.212566 1
5.350064 1
5.438009 1
5.765832 1
5.500153 1
5.763723 1
5.212566 1
5.433091 1
5.279982 1
6.061591 1
5.167694 1
5.331347 1
5.379465 1
5.500153 1
5.506209 1
5.569863 1
5.388136 1
5.212566 1
5.872169 1
5.212566 1
5.575649 1
5.426664 1
7.302197 1
5.483734 1
5.424467 1
5.353848 1
5.254509 1
5.284162 1
5.662104 1
5.425736 1
7.302197 1
5.167694 1
5.353848 1
5.371021 1
5.347738 1
5.660832 1
5.575649 1
5.506209 1
5.215071 1
5.201709 1
5.484918 1
5.371021 1
5.388136 1
5.353848 1
5.550168 1
5.387833 1
5.425736 1
5.535592 1
5.418212 1
5.212566 1
5.426664 1
5.483715 1
5.840901 1
5.213243 1
6.258376 1
5.372705 1
5.473300 1
5.723226 1
5.660832 1
5.655305 1
5.386681 1
5.513993 1
7.302197 1
5.535592 1
5.524427 1
5.473300 1
5.872169 1
6.370692 1
5.872391 1
5.388631 1
5.569863 1
5.655305 1
5.840901 1
5.281501 1
7.577626 1
5.406769 1
5.395025 1
5.575048 1
5.388631 1
5.447573 1
5.418373 1
5.395025 1
5.234845 1
5.281339 1
5.324099 1
5.437977 1
5.433091 1
5.347738 1
5.167694 1
5.662104 1
5.583724 1
5.418373 1
5.387159 1
5.372705 1
5.433091 1
5.167694 1
5.167694 1
5.660976 1
5.513993 1
5.433091 1
6.063331 1
5.550204 1
5.212566 1
5.372705 1
5.575649 1
5.347800 1
7.577626 1
5.234845 1
5.535592 1
6.577775 1
5.167694 1
5.549729 1
5.447573 1
5.346060 1
5.473300 1
5.523474 1
5.353848 1
5.451356 1
5.346060 1
5.483715 1
5.347738 1
5.655305 1
5.426664 1
5.395025 1
5.230164 1
5.424468 1
5.575876 1
5.437731 1
5.388631 1
5.395025 1
5.282851 1
5.372705 1
5.215071 1
5.513993 1
5.596082 1
5.282851 1
5.723226 1
5.755112 1
5.500153 1
5.418373 1
5.763723 1
5.347738 1
5.549630 1
5.549729 1
6.258376 1
5.484918 1
5.347738 1
5.426664 1
5.763723 1
5.388631 1
5.424468 1
5.596082 1
5.437977 1
6.063332 1
5.286139 1
7.302197 1
5.659127 1
5.324099 1
5.406769 1
5.583724 1
5.406769 1
5.437977 1
5.424468 1
5.395025 1
5.523474 1
5.286139 1
5.331347 1
5.353848 1
5.324099 1
5.569863 1
5.331347 1
5.451356 1
5.872169 1
5.840901 1
5.346744 1
5.655305 1
5.473300 1
5.655305 1
5.379465 1
5.303328 1
5.433091 1
5.550168 1
5.353848 1
5.282981 1
5.410967 1
5.513993 1
5.346060 1
7.302197 1
5.282981 1
5.437752 1
5.831598 1
5.569863 1
5.350064 1
7.577626 1
6.231796 1
5.437731 1
5.201709 1
5.483715 1
5.763723 1
5.433091 1
5.167694 1
5.871977 1
7.579154 1
6.063331 1
5.483715 1
5.167130 1
5.281262 1
5.765832 1
5.331347 1
5.336608 1
5.840901 1
5.447573 1
5.394559 1
5.437977 1
5.660832 1
6.232142 1
5.410967 1
5.569863 1
5.410967 1
5.425736 1
5.535592 1
5.371021 1
5.254352 1
5.350064 1
5.286139 1
5.406769 1
5.723226 1
5.765832 1
5.212566 1
5.569863 1
5.284162 1
5.234777 1
5.371021 1
5.406769 1
5.281339 1
5.523474 1
5.418373 1
5.347738 1
5.388631 1
5.353848 1
5.583724 1
5.662523 1
7.302466 1
5.575649 1
5.379465 1
5.281339 1
5.573033 1
5.506209 1
5.167694 1
5.286139 1
5.426664 1
5.350064 1
5.550168 1
5.388136 1
5.331347 1
5.523474 1
5.410967 1
5.433091 1
5.549729 1
5.426664 1
5.353848 1
5.213805 1
5.523474 1
5.303328 1
5.550168 1
5.569863 1
5.549729 1
5.473300 1
5.424468 1
5.451356 1
6.063331 1
5.550168 1
5.212566 1
5.201709 1
5.281339 1
5.201709 1
5.336806 1
5.254509 1
5.683207 1
5.213809 1
5.201709 1
5.662104 1
5.215071 1
5.535592 1
5.395069 1
5.549729 1
5.437731 1
5.575649 1
5.201709 1
5.513993 1
5.523474 1
5.447573 1
5.660832 1
5.583724 1
5.406769 1
6.063331 1
5.433091 1
5.395025 1
5.410967 1
5.279982 1
5.212566 1
5.763723 1
5.573033 1
5.569863 1
5.282981 1
5.596082 1
5.254509 1
5.284162 1
5.346060 1
5.872169 1
5.523474 1
5.410967 1
5.303328 1
5.550168 1
5.473300 1
5.451356 1
5.303328 1
5.388631 1
5.596082 1
5.212566 1
5.347738 1
5.483715 1
5.473300 1
5.254509 1
5.371021 1
5.284162 1
5.424468 1
5.763723 1
5.371021 1
5.550168 1
5.523474 1
5.515546 1
5.473300 1
5.570696 1
5.281339 1
5.424468 1
5.506209 1
5.660832 1
5.447573 1
5.473372 1
5.433091 1
5.346060 1
5.569863 1
5.213805 1
5.535592 1
5.324100 1
5.372705 1
5.212566 1
5.583724 1
5.424468 1
5.655305 1
5.506209 1
5.350064 1
5.500153 1
5.573033 1
5.447573 1
5.395025 1
5.723226 1
5.569863 1
5.371021 1
5.447573 1
5.303328 1
5.506209 1
5.372705 1
5.840901 1
5.167694 1
5.279982 1
6.258348 1
5.499726 1
5.655305 1
5.660832 1
5.655305 1
6.063331 1
5.286139 1
7.577626 1
5.795944 1
5.201709 1
5.723226 1
5.410967 1
5.426664 1
5.215071 1
5.388631 1
5.763723 1
6.073406 1
5.167694 1
5.583724 1
5.425736 1
5.523474 1
7.577626 1
5.388153 1
5.655305 1
5.215071 1
5.406769 1
5.596082 1
5.215071 1
5.583724 1
5.282851 1
5.550168 1
5.406769 1
5.432688 1
5.426664 1
5.234845 1
5.609740 1
5.372705 1
5.451356 1
7.302197 1
5.279982 1
5.583724 1
6.063332 1
5.388631 1
5.331347 1
5.379465 1
5.388136 1
5.662104 1
5.583724 1
5.513993 1
5.798290 1
6.063331 1
5.550168 1
5.765832 1
7.302197 1
5.723061 1
5.379465 1
5.662104 1
5.353848 1
5.473300 1
6.042037 1
5.549729 1
5.201709 1
5.535592 1
5.433091 1
5.840901 1
5.213805 1
5.437977 1
5.285486 1
6.258376 1
5.549729 1
5.473300 1
6.231432 1
5.500153 1
5.280980 1
5.633606 1
5.515546 1
5.234845 1
5.473300 1
5.406536 1
5.596082 1
5.483715 1
5.201709 1
5.550168 1
5.723226 1
5.395025 1
5.660466 1
5.763723 1
5.279982 1
5.840901 1
5.515546 1
5.388631 1
5.437977 1
5.418373 1
5.655305 1
5.285486 1
5.569863 1
5.406713 1
5.350064 1
5.353848 1
5.583724 1
5.723226 1
5.331347 1
5.285486 1
5.406769 1
5.331347 1
5.286139 1
5.765986 1
5.388631 1
5.433091 1
5.763723 1
5.655305 1
5.451356 1
5.353848 1
5.761348 1
5.406769 1
5.388631 1
5.575649 1
5.282981 1
5.418373 1
5.336608 1
5.284162 1
7.897457 1
5.395025 1
5.406769 1
5.370853 1
5.281339 1
5.525146 1
5.765832 1
7.302197 1
5.500153 1
6.063331 1
5.575649 1
5.425736 1
5.433091 1
7.577626 1
5.473300 1
5.573033 1
5.763723 1
5.451356 1
5.569863 1
5.285486 1
5.284162 1
5.282981 1
7.577626 1
5.426664 1
6.063331 1
5.723226 1
5.353848 1
5.500153 1
5.483715 1
6.063331 1
5.324099 1
5.281339 1
5.655305 1
5.254509 1
5.347738 1
5.167694 1
5.388136 1
5.282981 1
5.167694 1
5.763723 1
5.281339 1
5.596082 1
5.201709 1
5.388631 1
5.410967 1
5.410793 1
5.388631 1
5.410967 1
7.577519 1
5.549729 1
5.418373 1
5.763723 1
5.473300 1
5.872169 1
5.215071 1
5.201709 1
5.765832 1
5.371422 1
5.324099 1
5.523474 1
5.573033 1
5.575218 1
5.331347 1
5.331347 1
5.840901 1
5.872169 1
5.437731 1
5.451356 1
5.549729 1
5.451260 1
5.331347 1
6.231432 1
5.549729 1
5.279982 1
5.286139 1
5.840901 1
5.167694 1
5.500153 1
5.388631 1
5.500153 1
5.285486 1
5.433091 1
5.353848 1
5.395025 1
5.215028 1
5.575649 1
5.213805 1
5.372705 1
5.433091 1
5.347738 1
5.568770 1
5.301941 1
5.331347 1
5.284162 1
5.513993 1
5.887485 1
5.286139 1
5.535592 1
5.395025 1
5.353848 1
5.615230 1
5.279982 1
5.324099 1
5.596082 1
5.523474 1
5.324099 1
5.410967 1
5.451356 1
6.258376 1
5.254509 1
5.447573 1
5.388136 1
5.515546 1
5.655305 1
5.303328 1
5.336608 1
5.765832 1
5.234845 1
5.569863 1
5.201709 1
5.281339 1
5.551092 1
5.662104 1
5.662104 1
7.577626 1
5.425736 1
5.513993 1
5.515546 1
5.660832 1
7.302197 1
5.286139 1
5.215071 1
5.279218 1
5.281636 1
5.573033 1
5.715871 1
5.281339 1
5.473300 1
5.583724 1
5.201709 1
5.484918 1
5.662104 1
5.395025 1
5.215071 1
5.406769 1
7.302197 1
5.346060 1
5.765832 1
7.577626 1
5.324099 1
5.324099 1
5.336608 1
5.285486 1
5.388631 1
5.763723 1
5.723226 1
7.302197 1
5.406769 1
5.281339 1
5.371021 1
6.258376 1
5.682332 1
5.662104 1
5.282981 1
5.324099 1
5.535592 1
5.573033 1
5.763723 1
5.347738 1
5.167694 1
5.447573 1
5.372705 1
5.284627 1
5.515546 1
5.234845 1
5.424468 1
5.583724 1
5.285320 1
7.577626 1
5.426664 1
5.765832 1
5.418373 1
5.406769 1
5.426642 1
7.577626 1
5.324099 1
6.086263 1
5.655305 1
5.201709 1
5.765832 1
5.347738 1
5.655305 1
5.523474 1
5.660832 1
5.483715 1
5.535592 1
5.765832 1
5.406769 1
5.303328 1
5.281339 1
5.447573 1
5.212566 1
5.484918 1
5.437977 1
5.303328 1
5.410967 1
5.280527 1
5.167694 1
5.331347 1
5.371021 1
5.523474 1
5.763723 1
5.447573 1
5.660783 1
5.371021 1
5.549729 1
5.282851 1
7.302197 1
5.303328 1
5.350064 1
5.535592 1
5.279982 1
5.201709 1
5.683207 1
5.506209 1
5.596082 1
5.215071 1
5.424468 1
5.350064 1
5.281339 1
5.506209 1
5.583724 1
5.550168 1
5.281339 1
5.662104 1
5.254509 1
5.506209 1
5.167694 1
5.410967 1
5.515546 1
5.371021 1
7.302197 1
5.535592 1
5.281339 1
5.426664 1
5.395025 1
5.451356 1
5.437731 1
6.063331 1
5.282981 1
5.353848 1
5.515546 1
5.662104 1
6.231432 1
5.506209 1
5.818787 1
5.213805 1
5.437731 1
5.336608 1
5.331347 1
5.575649 1
5.798290 1
5.484918 1
5.549729 1
5.550168 1
5.388631 1
6.258376 1
5.379465 1
5.406769 1
5.282981 1
5.575649 1
5.330659 1
5.418373 1
5.388137 1
5.573033 1
5.371021 1
5.473300 1
5.655305 1
5.353848 1
5.346060 1
5.410967 1
5.483929 1
5.662330 1
5.395025 1
5.347738 1
5.840864 1
5.395025 1
5.549729 1
5.437977 1
5.285486 1
5.388136 1
6.063331 1
5.279982 1
5.346060 1
5.573033 1
5.350064 1
5.500153 1
5.410967 1
5.215071 1
5.324099 1
5.215071 1
5.433091 1
7.578123 1
5.379465 1
5.286139 1
5.167694 1
5.596082 1
5.213805 1
5.283123 1
6.231432 1
5.970693 1
5.347738 1
5.899322 1
5.303328 1
5.371021 1
5.473300 1
5.424468 1
5.506209 1
5.410967 1
5.596082 1
5.500979 1
5.388631 1
5.388631 1
5.535592 1
7.302160 1
5.387131 1
5.550168 1
5.424468 1
5.763723 1
5.410967 1
5.379465 1
5.514479 1
5.336608 1
6.231432 1
5.515546 1
5.324099 1
5.324100 1
5.840902 1
5.350737 1
5.331347 1
5.286139 1
5.388136 1
5.426691 1
5.281339 1
5.388631 1
5.286139 1
5.723226 1
5.573033 1
5.425736 1
5.660832 1
5.345780 1
5.583724 1
5.347738 1
5.500153 1
5.573033 1
5.437731 1
5.331347 1
5.425736 1
5.513993 1
5.347738 1
6.231405 1
5.388136 1
5.515546 1
5.483715 1
5.515546 1
5.596082 1
5.324099 1
5.418373 1
5.451356 1
5.346060 1
5.569863 1
5.331347 1
5.575649 1
5.213889 1
5.388136 1
5.451356 1
5.346060 1
5.763723 1
5.410967 1
5.433091 1
5.500153 1
5.388136 1
5.437731 1
7.577626 1
5.426664 1
5.569863 1
5.596082 1
5.410967 1
6.063331 1
5.763723 1
5.513993 1
5.535592 1
5.215071 1
5.447573 1
5.336608 1
5.284162 1
5.336608 1
5.285671 1
5.213805 1
5.723354 1
5.575649 1
7.577626 1
5.549729 1
5.282851 1
5.550168 1
5.285486 1
5.213805 1
5.662104 1
5.523474 1
5.763723 1
5.575649 1
5.418373 1
5.818787 1
7.302197 1
5.660832 1
5.234845 1
5.287111 1
5.282851 1
5.798290 1
5.447573 1
5.212566 1
5.529857 1
5.515546 1
5.281339 1
5.549729 1
5.286139 1
5.437731 1
5.215071 1
5.655305 1
5.426664 1
5.234845 1
5.388631 1
5.484268 1
5.451356 1
5.483715 1
5.346060 1
5.425736 1
5.655305 1
5.282981 1
5.212566 1
5.549729 1
5.426482 1
5.409492 1
5.234845 1
5.395001 1
5.212566 1
5.285486 1
5.371021 1
5.575649 1
5.425735 1
5.424540 1
5.424468 1
5.840901 1
5.473300 1
5.432827 1
5.346060 1
5.406769 1
5.550168 1
5.750796 1
5.395025 1
5.278972 1
5.741617 1
7.302021 1
5.765832 1
5.372705 1
5.437731 1
5.662104 1
6.258368 1
5.862786 1
5.500153 1
5.433091 1
5.282981 1
5.285486 1
5.425736 1
5.655305 1
5.484918 1
5.336608 1
5.550168 1
5.167694 1
5.655305 1
5.515546 1
6.258376 1
5.286426 1
6.231432 1
5.437977 1
5.347738 1
5.336608 1
5.371021 1
5.515546 1
5.832189 1
5.353848 1
5.418373 1
5.662104 1
5.500153 1
5.372705 1
5.347738 1
5.282981 1
5.596019 1
5.347738 1
5.483715 1
5.372705 1
5.765832 1
5.667436 1
5.406769 1
5.167694 1
5.662104 1
5.426664 1
5.424468 1
5.887485 1
5.583724 1
6.063963 1
5.609740 1
5.303271 1
5.653898 1
5.596082 1
5.336608 1
5.201709 1
5.840895 1
5.215071 1
5.549729 1
5.483367 1
5.849864 1
5.336608 1
5.872169 1
5.513993 1
5.500153 1
5.515285 1
5.500153 1
5.286139 1
5.500153 1
5.763723 1
5.723226 1
6.063357 1
5.506209 1
5.279982 1
5.503021 1
5.872169 1
5.437977 1
5.535592 1
5.167694 1
5.395025 1
5.425736 1
5.763723 1
5.324099 1
5.573033 1
5.660832 1
6.063331 1
5.303328 1
5.583724 1
5.723226 1
5.484918 1
5.523474 1
5.284007 1
5.437731 1
5.331347 1
5.286139 1
5.282981 1
5.513993 1
5.573033 1
5.234845 1
5.452075 1
5.372705 1
5.213805 1
5.388136 1
5.215071 1
5.573033 1
5.372705 1
5.473660 1
5.763723 1
5.451356 1
5.506209 1
5.447573 1
5.560669 1
5.549729 1
5.840901 1
5.484918 1
5.549928 1
5.350064 1
5.281339 1
5.451356 1
5.548465 1
5.424468 1
5.575649 1
5.282981 1
5.234344 1
7.302197 1
5.723226 1
5.739563 1
5.550168 1
5.282851 1
5.500153 1
5.347738 1
6.258376 1
5.347738 1
6.258376 1
5.763723 1
5.201709 1
5.285486 1
5.723226 1
5.575649 1
5.583724 1
5.660832 1
5.346060 1
5.213805 1
7.302197 1
7.577626 1
5.765832 1
5.426734 1
5.167694 1
5.660485 1
5.350064 1
5.550410 1
5.724692 1
5.583724 1
5.583724 1
5.303328 1
5.596082 1
5.550168 1
5.284162 1
5.424458 1
5.660832 1
5.336608 1
5.633606 1
5.535592 1
5.447573 1
5.215071 1
5.213805 1
5.395025 1
5.213805 1
5.286139 1
5.437977 1
5.483715 1
5.550168 1
5.406312 1
5.347738 1
5.437977 1
5.433091 1
5.324099 1
5.234845 1
5.285486 1
7.577626 1
5.535592 1
5.284162 1
5.765832 1
5.371818 1
5.447573 1
5.331347 1
6.063331 1
5.763723 1
5.234845 1
5.513993 1
5.872972 1
5.515855 1
5.379465 1
5.234845 1
5.973588 1
5.662104 1
5.437731 1
5.347738 1
5.662104 1
5.388136 1
5.410967 1
5.426664 1
5.723226 1
5.569863 1
5.484726 1
5.765832 1
5.506209 1
5.447559 1
5.379465 1
5.214979 1
5.350212 1
5.550118 1
5.723226 1
5.506209 1
5.201709 1
5.849864 1
5.200873 1
5.424468 1
5.513993 1
5.872169 1
6.063331 1
5.662104 1
5.324099 1
5.662104 1
5.347738 1
5.353848 1
5.282981 1
5.395025 1
5.596081 1
5.660832 1
5.324099 1
5.284162 1
5.723226 1
5.763723 1
5.683207 1
5.483715 1
5.550168 1
5.513993 1
5.353848 1
7.302197 1
5.506209 1
5.549729 1
5.500153 1
5.473300 1
5.388482 1
5.660832 1
5.484918 1
5.549729 1
5.388136 1
5.285486 1
5.575649 1
5.655305 1
5.331347 1
5.659127 1
5.437731 1
5.451356 1
5.406769 1
5.426664 1
5.513993 1
5.213805 1
5.660833 1
5.336608 1
5.739563 1
5.569863 1
5.371530 1
5.483715 1
5.573033 1
5.350064 1
5.324099 1
5.447573 1
6.258376 1
5.353848 1
5.473300 1
5.379465 1
5.437731 1
5.279982 1
5.350064 1
5.662599 1
5.167694 1
5.388631 1
5.406769 1
5.331347 1
5.303043 1
5.515546 1
5.406769 1
5.303328 1
5.336608 1
5.523474 1
6.258376 1
5.583724 1
5.388631 1
5.281338 1
5.484919 1
6.258376 1
5.212566 1
5.573044 1
5.285486 1
5.763723 1
5.201709 1
5.569863 1
5.575649 1
5.535592 1
5.569863 1
5.437977 1
5.549729 1
5.437977 1
5.447920 1
5.372705 1
5.286139 1
5.336608 1
5.513993 1
5.514290 1
5.201709 1
5.254509 1
5.569863 1
5.167694 1
5.281339 1
5.437977 1
5.282851 1
5.484918 1
7.577626 1
5.426707 1
5.437731 1
5.660833 1
6.258376 1
5.371021 1
5.765832 1
6.063331 1
5.286139 1
5.350064 1
5.437731 1
5.282981 1
5.549729 1
5.213805 1
5.549729 1
5.388631 1
5.763667 1
5.437977 1
5.331347 1
5.424468 1
5.594647 1
5.549729 1
5.285486 1
5.254509 1
5.279982 1
5.447112 1
5.379465 1
5.353848 1
5.575924 1
5.662104 1
5.254509 1
5.644828 1
5.410967 1
5.723226 1
5.424468 1
5.535592 1
5.286139 1
6.231432 1
5.286139 1
5.284162 1
5.660832 1
5.279982 1
5.371021 1
5.353848 1
5.484918 1
5.379465 1
5.324099 1
5.769032 1
5.350064 1
5.215071 1
5.500153 1
5.529857 1
5.763723 1
5.233600 1
5.660832 1
5.596082 1
5.549729 1
5.286139 1
5.550168 1
5.324099 1
5.723226 1
5.569863 1
5.766830 1
6.063331 1
5.515546 1
5.723226 1
5.418377 1
5.282981 1
5.596081 1
5.336608 1
5.388136 1
5.763723 1
5.303328 1
5.433091 1
5.388136 1
5.523944 1
5.660832 1
5.723226 1
5.331347 1
5.506209 1
5.336608 1
5.167694 1
5.350064 1
5.872169 1
5.662104 1
5.388631 1
5.167439 1
5.418373 1
5.840901 1
5.279982 1
5.350064 1
5.763723 1
5.395025 1
5.336608 1
6.063331 1
5.324099 1
5.765832 1
5.372705 1
7.302197 1
5.279982 1
5.765832 1
5.350064 1
5.410967 1
5.510494 1
5.575649 1
5.575649 1
5.515546 1
5.346060 1
5.872169 1
5.285486 1
5.388136 1
5.872169 1
6.258376 1
5.655305 1
5.331347 1
5.550152 1
5.406769 1
6.063331 1
5.451236 1
5.500153 1
5.660832 1
5.433091 1
5.282851 1
5.426612 1
5.254509 1
5.723226 1
5.426664 1
5.437731 1
5.336930 1
5.388136 1
5.285486 1
5.583724 1
5.596081 1
5.418373 1
5.254509 1
7.577626 1
5.426664 1
5.765832 1
5.763723 1
5.303328 1
5.655305 1
5.437731 1
5.254509 1
5.447138 1
5.286139 1
5.483715 1
5.286139 1
5.234845 1
5.395025 1
5.201709 1
7.577626 1
5.840901 1
5.201709 1
5.569863 1
5.282981 1
5.353967 1
5.331347 1
5.279982 1
5.765832 1
5.282851 1
5.303328 1
5.872169 1
5.324099 1
5.872169 1
5.234845 1
5.655305 1
5.350064 1
5.425935 1
5.346060 1
5.347211 1
5.767539 1
5.388113 1
5.573033 1
5.484918 1
5.550168 1
5.549729 1
5.483715 1
5.535592 1
5.213805 1
5.447573 1
5.513993 1
5.388631 1
5.569863 1
5.473300 1
5.550168 1
5.515546 1
5.451356 1
5.573033 1
5.583724 1
5.550168 1
5.451356 1
5.483699 1
5.212566 1
5.213805 1
5.535592 1
5.662104 1
5.447573 1
7.302197 1
5.723226 1
5.410967 1
5.596082 1
5.655305 1
5.447573 1
5.484918 1
5.424468 1
5.371021 1
5.324099 1
5.336608 1
5.167694 1
5.324037 1
5.662104 1
5.437731 1
5.426664 1
5.213805 1
5.426664 1
5.379465 1
5.331347 1
5.211620 1
5.303328 1
5.569863 1
5.575649 1
5.596405 1
5.662104 1
5.285437 1
5.840901 1
5.763723 1
5.388136 1
5.473300 1
5.336608 1
5.212566 1
6.231432 1
5.506179 1
5.410967 1
5.549729 1
5.283201 1
5.872169 1
5.451356 1
5.572925 1
5.426664 1
5.872169 1
5.372705 1
5.483715 1
5.303328 1
7.577626 1
5.379465 1
5.213805 1
5.569863 1
5.254509 1
5.573033 1
5.575649 1
5.573033 1
5.500153 1
5.513993 1
5.840901 1
5.473300 1
5.723226 1
5.573033 1
5.596082 1
5.388631 1
5.353848 1
6.063332 1
5.285486 1
5.282851 1
5.167694 1
5.201449 1
5.336608 1
5.484918 1
5.324099 1
5.447573 1
5.303328 1
5.472818 1
5.447573 1
5.388136 1
5.723226 1
5.286139 1
5.388136 1
6.063331 1
5.234845 1
5.324099 1
5.388631 1
5.324099 1
5.331347 1
5.655305 1
5.872169 1
5.523449 1
5.282851 1
5.410967 1
5.212566 1
5.284162 1
5.212566 1
5.872169 1
5.483715 1
7.302197 1
5.167694 1
5.763723 1
5.285486 1
5.395025 1
5.683207 1
5.418373 1
5.573033 1
5.281926 1
5.395025 1
5.234845 1
5.406769 1
5.660832 1
5.347738 1
5.513993 1
5.425736 1
5.515546 1
5.760365 1
5.525027 1
5.324099 1
5.284208 1
5.213805 1
5.506209 1
5.659127 1
5.379465 1
5.575649 1
5.388136 1
5.437731 1
5.379465 1
5.303328 1
5.596082 1
5.335749 1
5.346060 1
5.213805 1
5.660832 1
5.655305 1
5.395025 1
5.424468 1
5.655305 1
5.575649 1
5.583770 1
5.483715 1
5.167694 1
5.347738 1
7.302197 1
5.331347 1
5.872169 1
5.379465 1
5.437731 1
5.424468 1
5.763782 1
5.437977 1
5.350064 1
5.285486 1
5.284162 1
5.281339 1
5.433091 1
5.406769 1
5.281339 1
5.437977 1
5.213805 1
5.281339 1
5.424468 1
5.763723 1
5.483715 1
5.282981 1
5.515546 1
5.433091 1
5.395025 1
5.372705 1
5.353848 1
5.410967 1
5.347738 1
5.282981 1
5.483715 1
5.353848 1
5.437731 1
5.550608 1
5.500153 1
5.513993 1
5.583724 1
5.763463 1
5.353848 1
5.388401 1
5.506209 1
5.418373 1
5.425736 1
5.279769 1
5.215071 1
5.284162 1
5.447573 1
5.285486 1
5.513934 1
5.254735 1
6.258376 1
5.254509 1
5.596081 1
5.765832 1
5.349937 1
5.500153 1
5.473300 1
5.303328 1
5.234845 1
5.575649 1
5.303328 1
5.286139 1
5.535592 1
5.410967 1
5.336608 1
5.583724 1
5.513993 1
5.215071 1
5.433091 1
5.437731 1
6.063331 1
5.872169 1
6.231432 1
5.285486 1
5.406769 1
5.569863 1
5.426664 1
5.451356 1
5.346060 1
5.167694 1
5.437731 1
5.569863 1
5.550168 1
5.433091 1
5.451356 1
5.536211 1
5.513993 1
5.379465 1
5.331347 1
5.424625 1
5.395025 1
5.513993 1
5.418373 1
5.451431 1
5.523474 1
5.212566 1
5.660832 1
5.723226 1
6.231432 1
5.285486 1
5.371021 1
5.379465 1
5.284162 1
5.437977 1
5.549729 1
5.451356 1
5.840901 1
5.286139 1
5.914177 1
5.655305 1
5.451356 1
5.284162 1
5.331347 1
5.433091 1
5.215071 1
5.506209 1
5.914177 1
5.346060 1
5.281339 1
6.231432 1
5.437977 1
5.840901 1
5.662104 1
5.372705 1
5.447617 1
5.324099 1
5.763723 1
5.723226 1
5.324099 1
5.303328 1
5.484918 1
5.660832 1
5.350064 1
5.451356 1
5.167609 1
5.723226 1
5.371021 1
5.718492 1
5.575649 1
5.379465 1
5.433091 1
5.282851 1
5.447573 1
5.370579 1
5.285486 1
5.350064 1
5.201709 1
5.484919 1
6.063332 1
7.302162 1
5.550168 1
5.523474 1
5.473300 1
5.424468 1
5.483715 1
5.234845 1
5.596082 1
5.473300 1
5.654914 1
5.573033 1
5.595050 1
5.286139 1
5.433091 1
5.763723 1
6.191506 1
5.424468 1
5.550168 1
5.763723 1
5.550168 1
5.425736 1
5.660832 1
5.379465 1
5.583724 1
5.279947 1
5.575894 1
5.379465 1
5.346060 1
5.451356 1
5.513993 1
5.282981 1
5.281338 1
5.549729 1
5.167694 1
6.559576 1
5.201709 1
5.583724 1
5.573033 1
5.372705 1
5.276155 1
5.437977 1
5.284162 1
5.406769 1
5.335454 1
5.388136 1
5.213805 1
5.560669 1
5.662104 1
5.506209 1
5.395025 1
5.500153 1
5.515546 1
6.063331 1
5.500153 1
5.872169 1
5.303328 1
5.285486 1
5.447573 1
5.212566 1
5.395025 1
5.535592 1
5.167694 1
5.282981 1
5.575649 1
5.279982 1
5.279982 1
5.506209 1
5.371021 1
5.201709 1
5.569863 1
5.437731 1
7.302197 1
5.596082 1
5.550168 1
5.535592 1
5.410967 1
5.575649 1
5.211726 1
7.577626 1
5.215071 1
5.690228 1
5.281172 1
5.550168 1
5.660832 1
5.447573 1
5.213805 1
5.336608 1
5.549729 1
5.550168 1
5.281286 1
5.279982 1
5.284060 1
5.437977 1
5.215071 1
5.535592 1
5.426663 1
5.212566 1
6.063331 1
5.484918 1
5.425736 1
5.660832 1
6.042037 1
5.388136 1
5.418373 1
5.379465 1
5.371021 1
7.302197 1
5.515546 1
5.254509 1
5.410967 1
5.536439 1
5.324111 1
5.331347 1
5.424468 1
5.549729 1
5.282981 1
5.282851 1
5.447573 1
6.258376 1
5.573033 1
5.765832 1
5.303328 1
5.371021 1
7.302197 1
5.379465 1
5.372705 1
5.473300 1
5.425736 1
5.513993 1
5.388136 1
5.371021 1
5.763925 1
5.424508 1
5.281339 1
5.437977 1
5.550168 1
5.212566 1
5.279982 1
5.535530 1
5.426731 1
5.418373 1
5.842367 1
7.302197 1
5.213805 1
5.346060 1
5.583724 1
5.473477 1
5.515546 1
5.388136 1
5.575649 1
5.506209 1
5.451356 1
5.215071 1
5.506209 1
5.234845 1
5.765832 1
5.346060 1
5.212566 1
5.282852 1
5.281338 1
5.515546 1
5.765832 1
5.285486 1
5.426664 1
5.872169 1
5.285486 1
5.840901 1
5.395082 1
5.500153 1
5.500153 1
5.437977 1
5.872972 1
5.723226 1
5.388114 1
5.569863 1
5.500153 1
5.282981 1
5.410967 1
5.437977 1
5.371021 1
5.347738 1
5.660832 1
5.723184 1
5.447573 1
5.286139 1
5.281339 1
5.723226 1
5.346060 1
5.451356 1
5.433426 1
5.395025 1
5.285486 1
5.324099 1
5.282851 1
5.523474 1
5.372705 1
5.353848 1
5.506209 1
5.723226 1
5.201709 1
5.234845 1
5.723226 1
5.437731 1
5.500579 1
5.595252 1
5.336608 1
5.451356 1
5.303328 1
5.379377 1
5.447573 1
5.437731 1
5.599268 1
6.231432 1
5.662841 1
5.285486 1
5.350064 1
5.515585 1
5.763723 1
5.506209 1
5.167694 1
5.426664 1
5.426664 1
5.285486 1
5.418376 1
5.324099 1
5.433091 1
5.347554 1
7.577626 1
5.372705 1
5.660832 1
7.302197 1
5.573033 1
5.388631 1
5.433091 1
5.406769 1
6.258376 1
5.583724 1
5.388136 1
5.513993 1
5.286139 1
5.394987 1
5.515546 1
5.650575 1
5.388631 1
5.336608 1
5.583724 1
5.418373 1
5.395025 1
5.437977 1
5.763723 1
5.347738 1
5.371021 1
5.583724 1
5.437715 1
5.515546 1
5.662104 1
5.371021 1
5.583724 1
5.282981 1
5.284162 1
5.303328 1
5.437977 1
5.305744 1
5.425736 1
5.281614 1
5.535592 1
5.336608 1
5.765832 1
5.418373 1
5.254509 1
5.201709 1
5.508790 1
6.191506 1
5.473300 1
5.575649 1
5.350064 1
7.577626 1
5.872169 1
6.063331 1
5.523474 1
5.212566 1
5.513993 1
5.549567 1
5.550168 1
5.234488 1
5.550168 1
5.345846 1
5.723226 1
5.378669 1
5.528305 1
5.447573 1
5.303328 1
5.739563 1
5.447573 1
5.500153 1
5.331347 1
5.500153 1
5.285328 1
5.506209 1
5.212566 1
5.281339 1
5.418373 1
5.424468 1
6.258376 1
5.284162 1
5.515546 1
5.550168 1
5.483715 1
5.213805 1
5.279982 1
5.682332 1
5.550168 1
5.234845 1
6.258376 1
5.596082 1
5.234845 1
5.662104 1
5.426731 1
5.388137 1
5.418373 1
5.212508 1
7.302197 1
5.523474 1
5.660832 1
5.410967 1
5.406553 1
5.379465 1
5.215071 1
5.437731 1
5.215071 1
5.523474 1
5.973588 1
5.213805 1
5.254509 1
5.550168 1
5.284162 1
5.353848 1
5.510798 1
5.346060 1
5.763723 1
5.573038 1
5.424468 1
5.550168 1
5.506209 1
5.535592 1
5.215071 1
5.483715 1
5.234845 1
5.418373 1
5.433091 1
5.521020 1
5.572984 1
5.336608 1
5.723226 1
5.723226 1
5.282981 1
5.525146 1
5.573033 1
6.258376 1
5.840901 1
5.765773 1
5.212566 1
5.500153 1
5.371021 1
5.424468 1
5.388631 1
5.347738 1
5.331347 1
5.331347 1
5.303328 1
5.437731 1
5.723226 1
5.662104 1
5.303328 1
5.281339 1
5.483715 1
5.425736 1
5.433091 1
5.426664 1
5.575649 1
5.284162 1
5.426664 1
5.406769 1
5.281338 1
5.254509 1
5.506209 1
5.424468 1
5.437977 1
5.286139 1
5.331347 1
5.212566 1
5.482576 1
5.286139 1
5.282851 1
5.484918 1
5.279982 1
5.346060 1
5.346060 1
5.433091 1
5.350064 1
5.286139 1
5.583724 1
5.372705 1
6.063331 1
5.353848 1
5.212566 1
5.569863 1
5.662104 1
5.755112 1
5.353848 1
5.699958 1
5.167896 1
5.515546 1
5.331347 1
5.281338 1
5.425736 1
5.213805 1
5.550082 1
5.167694 1
5.282981 1
5.331347 1
5.437977 1
6.258376 1
5.573033 1
5.872169 1
5.483715 1
5.347738 1
5.473300 1
5.506209 1
5.433091 1
5.371021 1
5.279982 1
5.507627 1
5.432693 1
5.372705 1
5.167694 1
5.451356 1
5.483715 1
5.575649 1
6.231432 1
5.583724 1
5.483715 1
5.596082 1
5.406769 1
5.282851 1
5.234967 1
5.336608 1
5.285486 1
5.234845 1
5.523474 1
5.353848 1
5.447573 1
5.483642 1
5.723226 1
5.331347 1
6.230815 1
5.426664 1
5.506209 1
5.285486 1
5.215071 1
5.371021 1
7.577626 1
5.418373 1
5.765832 1
7.577626 1
5.598891 1
5.324099 1
5.765832 1
5.371021 1
5.286139 1
5.447573 1
5.437627 1
5.281339 1
5.484918 1
5.550327 1
5.346060 1
5.473289 1
5.201709 1
5.500153 1
5.282981 1
5.281339 1
5.660832 1
5.437731 1
5.437977 1
5.410967 1
5.353852 1
5.763723 1
7.302197 1
5.655305 1
5.372705 1
5.388631 1
5.424468 1
6.258376 1
5.451356 1
5.596082 1
5.660832 1
5.282851 1
7.577753 1
5.378043 1
5.213805 1
5.582331 1
5.424468 1
5.549729 1
5.433091 1
5.331347 1
5.535592 1
5.201709 1
5.437977 1
5.234845 1
5.418373 1
5.353848 1
5.279982 1
5.513993 1
5.655305 1
5.371021 1
6.231433 1
6.231424 1
5.212566 1
5.425736 1
5.336608 1
5.353848 1
